62.06335053
75.38659748
86.64220877
90.15568208
89.09127917
86.84552415
84.21646214
81.23341831
77.8880332
74.29027313
70.50709656
63.0233915
56.83949371
52.6106628
49.75190431
46.52944408
43.73879748
42.54507014
39.05470143
35.83363156
33.90326005
32.35492863
29.55052769
27.91507976
26.12921456
24.42023984
22.77300138
21.49780514
20.15949722
18.91129387
17.72709919
16.57465277
15.59488628
14.6344694
13.74866441
12.93085734
12.153462
11.44647753
10.7917082
10.18568739
9.611309784
9.04849327
8.504827168
7.977739286
7.480938193
7.048537733
6.65944661
6.318406686
6.032035475
5.779271684
5.552264885
5.337068291
5.137562111
4.973353157
4.83601729
4.725707786
4.675433697
4.68434054
4.736797293
4.835511406
4.978151695
5.168092354
5.424066236
5.750019316
6.138729884
6.61686874
7.200279994
7.903333536
8.702146149
9.603756554
10.60176318
11.72244731
12.98764995
14.4363612
16.10586635
18.02967502
20.26371033
22.87038373
25.89290639
29.34906987
33.25821504
37.62630466
42.45687842
47.70056928
53.35293089
58.93298301
64.20495869
69.74600751
75.30480668
79.60858657
81.26640486
80.24398028
77.00236979
