0.03281699988
0.0170702884
0.01180490718
0.009161147718
0.007566900576
0.006498019382
0.005729794773
0.005149818801
0.004695603814
0.004329628307
0.004027992975
0.003558837684
0.003209491775
0.002938196869
0.002720694541
0.00246381311
0.002206956359
0.002056988973
0.001860530067
0.001709454417
0.00158893816
0.001455251683
0.001336444823
0.001242169659
0.00114792859
0.001058606836
0.0009818216378
0.0009109352573
0.0008431247687
0.0007829976947
0.0007275223218
0.0006753295458
0.0006273338605
0.0005837828969
0.0005427453427
0.000504932307
0.0004699676931
0.0004376312786
0.000407774071
0.0003799677959
0.0003542687427
0.0003302631922
0.0003082701913
0.0002877200669
0.00026881357
0.0002513652395
0.0002353668899
0.0002207067941
0.0002073545188
0.0001952867249
0.0001845492539
0.0001751077343
0.0001670106454
0.0001602933835
0.0001550428984
0.0001513126425
0.0001491871739
0.0001487514852
0.0001500865268
0.0001532702149
0.0001583731818
0.000165476112
0.0001746560003
0.0001860295236
0.0001997196005
0.000215907632
0.0002348079011
0.0002567002557
0.000281931168
0.000310913361
0.0003441408599
0.0003822036288
0.0004257913903
0.0004757079375
0.0005328957408
0.0005984448685
0.0006736021472
0.0007598267484
0.0008587889875
0.000972410518
0.001102914684
0.001252851321
0.001425152356
0.00162320268
0.001850875396
0.002112648641
0.0024136511
0.002759794126
0.003157878391
0.003615715833
0.004142302477
0.004747970903
0.005444624093
