0.02394600919
0.01995927661
0.01438300821
0.009357930476
0.006908998317
0.00608384172
0.00672180655
0.005765323296
0.003837354868
0.003414650308
0.003498336324
0.004163725498
0.002807047408
0.003137025399
0.002420319191
0.00281541359
0.002005054363
0.001904828276
0.001734945613
0.001627903619
0.001486487871
0.00142187477
0.001284464503
0.00130117886
0.001191090113
0.001013850129
0.001008536951
0.0009240205879
0.0008235355792
0.0007718318532
0.0007196637563
0.0006701682227
0.000627762238
0.0005822541335
0.0005391976851
0.0005039641186
0.0004696393354
0.0004394528506
0.0004099147865
0.000381645843
0.0003558550448
0.0003329743452
0.0003118561306
0.0002922701178
0.0002750944177
0.0002590633443
0.0002432240564
0.0002285684658
0.0002158423603
0.0002046306092
0.0001945127121
0.0001859098163
0.000178196149
0.0001708416873
0.0001639500201
0.0001575125863
0.0001519396055
0.0001476655976
0.0001457148354
0.0001454428896
0.0001475057122
0.0001517260729
0.0001584779507
0.0001683545327
0.0001816947733
0.0001986874546
0.0002195243433
0.0002447914613
0.0002747266813
0.0003104283056
0.0003527386317
0.0004021949345
0.000459356959
0.0005249266378
0.0005998022656
0.0006844205726
0.0007793777883
0.0008847282334
0.001001522286
0.001128915987
0.001264895345
0.001410639454
0.001569499805
0.001746328643
0.00194452805
0.002154758622
0.002376272976
0.002622239307
0.002891661419
0.003164712051
0.003420806409
0.003678692806
0.004023135873
