0.02040289952
0.01090501076
0.007711155576
0.006096715512
0.005116101298
0.004453734692
0.003974134219
0.003609408733
0.003321740092
0.003088367493
0.002894756918
0.00259088409
0.002361993779
0.002182376445
0.002037003301
0.001863508611
0.001687800249
0.001584052124
0.00144671077
0.001339908409
0.001253925792
0.001157704783
0.00107144212
0.001002496507
0.0009331596886
0.0008670926666
0.0008100670641
0.0007572778884
0.0007067022928
0.000661848605
0.0006205135046
0.0005817253493
0.0005462027459
0.0005141495326
0.0004841617117
0.0004567735609
0.0004317131085
0.0004088172591
0.0003879680928
0.0003688513054
0.0003514854794
0.0003355671417
0.0003212754278
0.0003082031628
0.0002964393367
0.0002858209793
0.000276291615
0.0002677283612
0.0002600530716
0.0002531865772
0.0002470835773
0.000241647824
0.0002368247344
0.00023254627
0.0002287727905
0.0002254396313
0.0002225013341
0.0002199140046
0.0002176431126
0.0002156488678
0.0002139016066
0.0002123709266
0.0002110328808
0.0002098629522
0.0002088422531
0.0002079522774
0.000207177782
0.0002065049486
0.0002059218606
0.0002054185003
0.0002049864033
0.0002046185854
0.000204309638
0.000204055716
0.0002038545987
0.0002037059282
0.000203611472
0.000203575462
0.0002036052024
0.0002037117917
0.0002039111479
0.0002042253288
0.0002046842704
0.0002053280851
0.0002062098509
0.0002073993773
0.0002089875308
0.0002110917772
0.0002138624925
0.0002174899833
0.0002222121445
0.0002283215934
0.0002361722887
