0.002626252647
0.005252505294
0.007878757941
0.01050501059
0.01313126324
0.01575751588
0.01838376853
0.02101002118
0.02363627382
0.02626252647
0.02888877912
0.03414128441
0.03939378971
0.044646295
0.0498988003
0.05777755824
0.06828256883
0.07616132677
0.08929259
0.1024238532
0.1155551165
0.133938885
0.1549489062
0.1759589274
0.2022214538
0.2337364856
0.26787777
0.3072715597
0.3545441074
0.4070691603
0.4674729712
0.5383817927
0.6197956247
0.7117144674
0.8193908259
0.9428247003
1.084642343
1.247470007
1.433933945
1.649286662
1.896154411
2.18241595
2.508071278
2.886251659
3.319583346
3.818571349
4.391094426
5.05028384
5.809270855
6.683812987
7.687041498
8.842592663
10.1714765
11.7025818
13.45954482
15.48175935
17.8086192
20.4873969
23.565365
27.10817982
31.18149768
35.86935865
41.25842909
47.46163784
54.59454003
62.80157955
72.24033157
83.09726001
95.5877176
109.9559458
126.4829537
145.4943967
167.3632024
192.5174503
221.453502
254.7412543
293.0293916
337.0742748
387.7399408
446.0191133
513.0594646
590.1767474
678.883683
780.9267296
898.3044655
1033.327993
1188.644574
1367.305916
1572.823317
1809.230701
2081.17391
2393.989489
2753.825496
