260.3628603
184.1330146
150.3673896
130.242255
116.5103486
106.3754635
98.49986676
92.15252237
86.89574451
82.44936042
78.62460223
72.34659714
67.37194361
63.30457635
59.89872368
55.6910132
51.26005065
48.55886015
44.88115485
41.93791227
39.51373028
36.74159656
34.20203369
32.13471272
30.02150822
27.97565126
26.18403439
24.50386979
22.8741859
21.41203287
20.05001689
18.75860429
17.56392428
16.4753848
15.44718771
14.49908562
13.62323738
12.81534774
12.07259458
11.38499518
10.75439393
10.17092401
9.642371693
9.154915244
8.713083271
8.312043355
7.950951467
7.626446162
7.336855738
7.08047256
6.856830627
6.663567349
6.499850365
6.364390573
6.256802984
6.175959183
6.121379866
6.092709388
6.08979007
6.112577919
6.161212025
6.236076666
6.337594612
6.466582219
6.623765145
6.810251824
7.027137136
7.275780511
7.55772309
7.874591852
8.228175623
8.620479419
9.053650297
9.530003011
10.05211858
10.62276649
11.24482974
11.92159092
12.65650181
13.45328037
14.31602212
15.24909382
16.25720888
17.34553194
18.51953719
19.78526588
21.1491467
22.61819798
24.20002375
25.90282438
27.73553384
29.70780063
31.83017109
