0.01075685702
0.008111661301
0.006496067127
0.005267000482
0.004571776002
0.004184841596
0.003864915761
0.003427910397
0.002892640168
0.002692496084
0.002573928788
0.002460321819
0.00222433564
0.002220387814
0.001979128668
0.001854541793
0.001661613848
0.001598673275
0.001438605925
0.001366096152
0.001262119349
0.001195265728
0.001088591104
0.001028980219
0.0009581133298
0.0008790434744
0.0008262119865
0.0007724507539
0.0007143932239
0.0006704586959
0.0006246473187
0.0005802822405
0.0005411498647
0.0005046703733
0.0004704336403
0.0004385696262
0.0004087402125
0.0003816660698
0.0003567602533
0.0003342256932
0.0003134105752
0.0002930228706
0.0002743507776
0.0002566828016
0.0002401327269
0.0002253339566
0.0002118700865
0.0001991434083
0.0001878607643
0.0001775841395
0.0001675934335
0.0001587900872
0.0001509669502
0.0001437534605
0.0001370123315
0.0001313726514
0.0001265603552
0.0001231488084
0.0001205403582
0.0001189495063
0.0001173120832
0.0001150799708
0.0001125480538
0.0001098467699
0.0001065647954
0.0001030368073
0.0001003823417
9.900447903e-05
9.892144288e-05
0.0001004743751
0.0001046429469
0.0001102733233
0.0001170767438
0.0001266285592
0.0001390784549
0.0001536584156
0.000171420586
0.0001923920164
0.0002169637979
0.0002460074059
0.0002796014115
0.0003178293953
0.000360533111
0.0004078231498
0.0004609736407
0.0005181574383
0.0005775173522
0.0006403836818
0.0007011543931
0.0007523162095
0.0007932435901
0.000837923782
0.0009134303102
