223.9474683
158.359564
129.3041474
111.9842788
100.165027
91.44071427
84.66041278
79.1951552
74.66835694
70.83895158
67.54451535
62.13602459
57.8493307
54.34360604
51.40734508
47.77871272
43.95597561
41.62459369
38.44891859
35.90596255
33.81026184
31.4121282
29.21333078
27.42180955
25.58872855
23.81197542
22.25397493
20.79080279
19.36927382
18.09155913
16.89901025
15.76583025
14.71505924
13.75527058
12.84634962
12.00603043
11.22778064
10.50827347
9.845584249
9.231496181
8.668476039
8.148700672
7.680238953
7.252169238
6.870021528
6.531286377
6.237077277
5.986582219
5.780542624
5.619732266
5.505516575
5.437989656
5.417818893
5.445271242
5.520099478
5.642087732
5.810771831
6.02575558
6.286133462
6.592059295
6.943225915
7.340386632
7.783941718
8.275805049
8.817331992
9.411260607
10.06031731
10.76819503
11.53930012
12.37856081
13.2917231
14.28556871
15.36782502
16.54736132
17.83458499
19.24143443
20.78141939
22.47059449
24.32731042
26.37282814
28.63205055
31.13377349
33.91148112
37.00433958
40.45760717
44.32429714
48.66571099
53.55324778
59.06978075
65.3112319
72.38880929
80.4309232
89.58615727
