215.5130605
152.3910436
124.4270116
107.7571664
96.38113118
87.98370796
81.45724778
76.19643051
71.83882746
68.15243246
64.98092527
59.77399832
55.64678899
52.27126847
49.44387122
45.94947866
42.26772018
40.02203714
36.96266248
34.51238347
32.49267797
30.18097322
28.06078515
26.33273761
24.56391954
22.84860842
21.34359707
19.92920633
18.55388074
17.31638101
16.15988372
15.05920054
14.03651489
13.10006519
12.21049293
11.38482346
10.61634043
9.901383129
9.23760522
8.616193453
8.038933737
7.496896333
6.997540506
6.528049532
6.092966103
5.687888024
5.31234421
4.963277905
4.639329658
4.33908787
4.062661464
3.807874899
3.574397339
3.361242385
3.168817935
2.996251398
2.843609544
2.711015538
2.599023754
2.507850797
2.438096636
2.390181683
2.364568657
2.361504958
2.381109358
2.423318036
2.487895644
2.574538857
2.682946726
2.812855855
2.964132606
3.136853133
3.331311804
3.548058485
3.787962686
4.05219352
4.342198702
4.659855157
5.007385468
5.387433578
5.803158718
6.258237123
6.756962933
7.304380826
7.906312898
8.569605785
9.302177888
10.11328745
11.01372324
12.01602995
13.13484048
14.38715461
15.79278239
