54.88924211
66.61112724
76.29554104
78.48337051
76.22104562
73.07895898
69.89240184
66.88273132
64.09609951
61.52555659
59.14930915
54.96415823
51.51778287
48.69286468
46.31705971
43.3600041
40.24421987
38.34379461
35.50132916
33.1633455
31.28527152
29.19133698
27.14316214
25.56652423
23.95263691
22.3782382
20.97301195
19.67114493
18.36842068
17.18821662
16.06095195
14.96757612
13.95408439
13.02532099
12.14009596
11.3343573
10.60176846
9.906327743
9.257773864
8.641641192
8.071115478
7.535818443
7.061037117
6.607433596
6.174053722
5.767980436
5.39881403
5.052741754
4.742222471
4.481496624
4.241314779
4.006792995
3.785618862
3.563329895
3.335317568
3.145039287
2.976941673
2.823397515
2.706494628
2.609088528
2.516357533
2.450364681
2.410122599
2.380223015
2.370893148
2.389476986
2.408911542
2.466516302
2.55288818
2.666236445
2.803129205
2.963563792
3.111921471
3.280790395
3.483347898
3.704796916
3.958036827
4.236970902
4.5084382
4.798206213
5.146645495
5.578155187
6.132744136
6.862234453
7.735521509
8.660647763
9.604322417
10.52401287
11.214641
11.80270185
12.48750123
13.62910268
15.59804536
