0.01504946353
0.008573148784
0.006337849292
0.00517834916
0.004456837056
0.003958588915
0.003590509284
0.003305457494
0.003076892236
0.002888667912
0.002730365288
0.002477445284
0.00228283791
0.00212732353
0.001999466619
0.00184432656
0.001684119627
0.001587946398
0.001458698286
0.001356575023
0.001273275147
0.001178852069
0.00109306696
0.001023693237
0.0009531629629
0.0008852071029
0.0008259232025
0.0007704865188
0.0007168293622
0.0006687524135
0.0006239926183
0.0005815441817
0.0005422362596
0.0005063567719
0.0004723775512
0.0004409346642
0.0004117577122
0.0003846958163
0.000359649816
0.0003362789582
0.0003146433304
0.0002944021915
0.0002758275981
0.0002584365978
0.0002423919751
0.0002275245426
0.000213809798
0.0002011280595
0.0001894211278
0.0001786277661
0.0001687396312
0.0001596646279
0.000151374588
0.0001438154742
0.0001369800044
0.0001308127203
0.0001252888498
0.0001203834716
0.0001160867618
0.0001123769797
0.0001092505032
0.0001067027961
0.0001047424435
0.0001033812289
0.0001026447202
0.0001025671435
0.0001031957793
0.0001045915616
0.0001068313545
0.0001100085457
0.0001142347651
0.0001196422375
0.000126384655
0.0001346392706
0.0001446110861
0.0001565347741
0.0001706764808
0.0001873447232
0.0002068911403
0.0002297190707
0.0002562945896
0.0002871525041
0.0003229085374
0.0003642747867
0.0004120677206
0.0004672331761
0.0005308564047
0.0006041902854
0.0006886781941
0.0007859800703
0.0008980092809
0.001026965166
0.0011753829
