0.01251925026
0.01334947003
0.009252133193
0.004940259522
0.004057345715
0.004010303317
0.004864566774
0.004369633463
0.003181159138
0.002841763348
0.002820085941
0.002931348325
0.002126282304
0.002435121647
0.001914468585
0.002062592592
0.001694118734
0.001575725254
0.001418229112
0.001313977727
0.001252480658
0.00117745022
0.001066356565
0.00106532913
0.0009817612378
0.0008675213645
0.000843939293
0.0007837600979
0.0007120601687
0.000668794328
0.0006263939539
0.0005897209062
0.0005556016826
0.0005213930968
0.0004877120934
0.0004602765837
0.0004337010759
0.0004096143934
0.0003866424219
0.0003652896536
0.0003452598046
0.0003270375128
0.0003109533952
0.0002970364413
0.0002850616598
0.0002742279338
0.000264366844
0.0002552950066
0.0002475589872
0.0002407972874
0.0002349196424
0.0002291086273
0.0002243617614
0.0002208632915
0.0002184322909
0.0002163706177
0.0002154663467
0.0002156923141
0.0002167553483
0.0002185343699
0.0002215250422
0.0002251229939
0.0002279789958
0.0002298157239
0.0002306668222
0.0002295816208
0.000227380023
0.0002254126405
0.0002243323208
0.0002241740935
0.0002247725691
0.0002252052977
0.0002243007462
0.0002212283704
0.0002150179182
0.0002073945823
0.0001996651153
0.0001912957917
0.0001856485345
0.000185086104
0.0001851441359
0.0001854368946
0.0001914314389
0.0001947552591
0.0001963957212
0.0001964844918
0.000202214459
0.0002096689576
0.0002199306161
0.0002196792777
0.0002291310007
0.0002335999025
0.0002341920542
