71.07294197
86.38457531
99.52297683
104.3584232
104.3029492
102.9649139
101.1192983
98.32246123
94.43168158
89.71271739
84.34875025
72.99619096
63.43128048
57.53231679
54.21284904
50.79050535
48.52066761
48.04466107
43.30599089
39.00577359
36.97423053
36.01285181
32.24291714
30.75750125
28.72392996
27.11096261
25.12448305
23.83815868
22.48538119
21.15191608
19.84050847
18.58361622
17.56783697
16.51030227
15.545036
14.65281006
13.78729349
13.0013009
12.2811865
11.60940513
11.00988492
10.47477526
9.994463081
9.551511681
9.142464173
8.775349609
8.450107846
8.162475597
7.89853048
7.674478515
7.477225497
7.30536013
7.156562794
7.027028025
6.905785534
6.811210895
6.742485718
6.69487707
6.678311907
6.684319418
6.695244037
6.705791273
6.723741935
6.734328378
6.741627471
6.741587397
6.755719353
6.781088213
6.851937933
7.002552582
7.277698293
7.649201342
8.103116234
8.597931106
9.100297709
9.588605592
10.13787425
10.86559064
11.85245937
13.06354956
14.48803711
16.05407979
17.67939017
19.28427743
20.70454736
22.36132814
24.21891776
25.54124104
25.89752577
25.97704915
25.74149387
26.31122302
30.28059897
